triplet: 0 -0.00017109758,-0.00050344685,0.051839184,-0.0011626027,-0.0006593271,-0.0012322782 -0.00039051846,-0.00081550854,0.05070429,-0.00076894753,-0.0001828096,-0.0012477745
triplet: 1 -0.00025534263,-0.0005153658,0.052433603,-0.0015241017,-0.001343056,-0.00075139775 -0.00037953563,-0.00080365984,0.051328707,-0.00045265988,-0.0010273001,-0.0012859342
