triplet: 0 Object ID: 10.0 -0.0008005748,-6.578351e-07,0.0016901569,-0.00029482474,0.0023022187,0.0003100301 -0.0007876079,4.1219596e-06,0.00011802925,-0.00038773517,0.002589767,0.00032340354
triplet: 0 Object ID: 20.0 -0.008550154,-0.0010641732,0.11881132,-0.00084450416,0.03236183,0.0016185332 -0.008780913,0.001684893,0.10661547,-0.001520701,0.039562717,0.007107084
triplet: 1 Object ID: 10.0 -0.0025097053,-5.5483473e-05,-0.0017227386,6.974436e-05,0.00946051,0.00056518405 -0.0018803298,-3.1822143e-05,-0.004536445,5.077018e-05,0.009473035,0.0002956624
triplet: 1 Object ID: 20.0 -0.030735195,-0.0035575063,0.17580147,0.005632863,0.11792276,0.010690485 -0.029297514,-0.0019430509,0.16595644,0.00020929659,0.12331399,0.030824272
